# Which files in this corpus reach which extractor, and with how many items.
#
# Generated: cargo run --release --example seed_reach_manifest
# Consumed:  scripts/prep-fuzz-corpus.sh, to pick seeds by whether they reach a
#            verifier rather than by filename order.
# Checked:   tests/fuzz_input_reach.rs re-measures this and fails if it is stale.
#
# Files reaching no extractor are omitted, so `files scanned` and `files listed`
# differ; both are stated because their difference is the thing worth seeing.
# corpus: historical_419200_1046400
# files scanned: 2032
# files listed: 491
#
# file	orchard	sapling	redjubjub	sprout
v4_0419450_e4a6b011aaf3c498.bin	0	0	0	1
v4_0419950_83763d8c80b357f5.bin	0	0	0	1
v4_0420200_cace75160e0163d2.bin	0	0	0	1
v4_0422700_75d4475f5f971118.bin	0	0	0	1
v4_0423950_0308f1231efd40e1.bin	0	0	0	1
v4_0423950_14d0feb68a316004.bin	0	0	0	1
v4_0424200_74be4a7ebcec9c64.bin	0	0	0	1
v4_0424950_dc7e0ad4ed9a275d.bin	0	0	0	1
v4_0425200_52f9dd00c43ee73c.bin	0	0	0	1
v4_0425200_6a1af7811b4a7575.bin	0	0	0	1
v4_0425200_b588c7307a625aab.bin	0	0	0	1
v4_0425450_750b061890606d2b.bin	0	0	0	1
v4_0426450_db1993b99d744311.bin	0	0	0	1
v4_0426950_f241aa8d3bbef09e.bin	0	0	0	1
v4_0428200_22b0551f587775e5.bin	0	0	0	1
v4_0428700_6a9f624c5640626d.bin	0	0	0	1
v4_0428700_8d12960a0481c710.bin	0	0	0	1
v4_0428700_b0dc263c0862bfd1.bin	0	0	0	1
v4_0428950_3d04261a51e46569.bin	0	0	0	1
v4_0428950_4c8d666851b0ed00.bin	0	0	0	1
v4_0428950_c2ebe68f198156cb.bin	0	0	0	1
v4_0429200_2db44d2095737e3f.bin	0	0	0	1
v4_0429450_002a36ba63668633.bin	0	0	0	1
v4_0429450_9c3945d39ce5c4f8.bin	0	0	0	1
v4_0429700_08f59f2fe7aee435.bin	0	0	0	1
v4_0430700_0b63d77dcd6d3b9d.bin	0	0	0	1
v4_0430700_f0956022a5986448.bin	0	0	0	1
v4_0430950_89447ab49e69d09d.bin	0	0	0	3
v4_0432200_743772092332709f.bin	0	0	0	1
v4_0433700_11cf4a91218769a6.bin	0	0	0	1
v4_0433700_aeabf323d5b47b76.bin	0	0	0	1
v4_0433700_ce33e26bad2a7274.bin	0	0	0	1
v4_0433950_1ed32af97fa2e1e4.bin	0	0	0	1
v4_0433950_61b6de683675bc73.bin	0	0	0	1
v4_0433950_681b1e7334cbc677.bin	0	0	0	1
v4_0433950_7cdac96d321c8d0a.bin	0	0	0	1
v4_0433950_8efa19641a65f125.bin	0	0	0	1
v4_0433950_aa01526b609f8050.bin	0	0	0	1
v4_0434700_cd2a09bea310bb4d.bin	0	0	0	1
v4_0435200_772794b7c10a8c68.bin	0	0	0	1
v4_0435200_e39100368b697e47.bin	0	0	0	1
v4_0435450_a2d5d57013dfbc4b.bin	0	0	0	1
v4_0435450_e3118bc8cf5a6ae0.bin	0	0	0	1
v4_0435950_fc7bd1163210158e.bin	0	0	0	1
v4_0436200_2e1a26ec40fd6753.bin	0	0	0	1
v4_0436200_f1b82a84a05ef7b6.bin	0	0	0	1
v4_0436700_e8c687fa5e6dd6ae.bin	0	0	0	1
v4_0436950_b699f786aa7a020b.bin	0	0	0	1
v4_0437450_26f37c201b9e3e97.bin	0	0	0	1
v4_0437450_3e4cf1bc2cf65201.bin	0	0	0	1
v4_0438200_0740528250fd7104.bin	0	0	0	1
v4_0438200_ec84e510a589b4cf.bin	0	0	0	1
v4_0438950_44fefdb2de761116.bin	0	0	0	1
v4_0439450_35a26242ef97dd1e.bin	0	0	0	1
v4_0439450_8554d1e62699c47a.bin	0	0	0	1
v4_0440700_32c347c9135448fa.bin	0	0	0	1
v4_0440700_a36096de18da9fe2.bin	0	0	0	1
v4_0441700_b5449402424ee317.bin	0	0	0	1
v4_0442200_e0123f2442032411.bin	0	0	0	1
v4_0442450_e3cd7b60601493d9.bin	0	0	0	1
v4_0442950_a7f0558c1098a15b.bin	0	0	0	1
v4_0443200_b30e19a471312822.bin	0	0	0	2
v4_0443200_cf3b9a8bd3698016.bin	0	0	0	1
v4_0443200_fba7a0b915fa3f2d.bin	0	0	0	1
v4_0443450_42610d8724f33856.bin	0	0	0	1
v4_0443700_7bc44ac90f63f79a.bin	0	0	0	1
v4_0443700_7d16243885131d5e.bin	0	0	0	1
v4_0443700_a492a703d20c0930.bin	0	0	0	1
v4_0444200_6016a2753197da3e.bin	0	0	0	1
v4_0444450_3fcf739b6e2508e2.bin	0	0	0	1
v4_0444450_95c75b159d1e3e1e.bin	0	0	0	1
v4_0444450_f5d3f1c03e2d09e3.bin	0	0	0	1
v4_0444700_2c451b6c9ce66f49.bin	0	0	0	1
v4_0444700_bd045c1a64e5fc00.bin	0	0	0	1
v4_0444950_fd6e562ca20bb3d2.bin	0	0	0	1
v4_0445700_344f2dc22df16b8c.bin	0	0	0	1
v4_0445700_938ac3748139d599.bin	0	0	0	1
v4_0445950_44b58ef1138614fe.bin	0	0	0	1
v4_0446200_74829db5ebd1bc62.bin	0	0	0	1
v4_0446200_d8087202e1b3da2a.bin	0	0	0	1
v4_0446200_f9266cc900e0a71f.bin	0	0	0	1
v4_0446450_41132cbf5a4de381.bin	0	0	0	1
v4_0446700_18422f37c5d70d7f.bin	0	0	0	1
v4_0446700_1d10eb2a76171f3e.bin	0	0	0	1
v4_0446700_2b74ff499b4f1756.bin	0	0	0	1
v4_0446700_a645efec047e8862.bin	0	0	0	1
v4_0446700_ab35d5788b036335.bin	0	0	0	1
v4_0446700_ae24b8fdc545aab9.bin	0	0	0	1
v4_0446700_ea94b2a2a342618a.bin	0	0	0	1
v4_0446950_9d5b32d9459e95e6.bin	0	0	0	2
v4_0447450_b7ebb90d63ca4bc9.bin	0	0	0	1
v4_0448450_92f26ce8483b429b.bin	0	0	0	1
v4_0448450_bb9920d1f833525e.bin	0	0	0	1
v4_0448450_c914c360690dce75.bin	0	0	0	1
v4_0448700_848ad7d1bb719c0f.bin	0	0	0	1
v4_0448700_a690398a43890ab2.bin	0	0	0	1
v4_0448700_dbca4828d772e63d.bin	0	0	0	1
v4_0449700_7f579264753a3549.bin	0	0	0	2
v4_0449700_a82396c9c6cc44e4.bin	0	0	0	1
v4_0449700_cd576a82b432c9fb.bin	0	0	0	1
v4_0450200_ae5c05b29e0b5a28.bin	0	0	0	1
v4_0450950_1fb58ee437054bee.bin	0	0	0	1
v4_0450950_b8ab9b5ba9f46b17.bin	0	0	0	1
v4_0451450_30d6e901c7ad80ec.bin	0	0	0	1
v4_0451950_3f6554f21d91e15a.bin	0	0	0	1
v4_0451950_a35a91e5c939fb9c.bin	0	0	0	1
v4_0452700_852bbd64f324f04d.bin	0	0	0	1
v4_0453200_0b26c8a7f7d1b128.bin	0	0	0	1
v4_0453200_d0e36d4f3ad96bf0.bin	0	0	0	1
v4_0453950_3ab8823ab8a94810.bin	0	0	0	1
v4_0453950_dfffe2a0c0fe8836.bin	0	0	0	1
v4_0454450_645e60d221b932af.bin	0	0	0	1
v4_0454450_67939e8ac267f3ca.bin	0	0	0	1
v4_0454450_965e39fba2de335d.bin	0	0	0	1
v4_0454450_f61f2e861a78d631.bin	0	0	0	1
v4_0454700_a23f25f1a6ccdb83.bin	0	0	0	1
v4_0456950_819ea14ab1dd3aa7.bin	0	0	0	1
v4_0456950_858c571f9637403c.bin	0	0	0	1
v4_0457200_096bcb87c3f12263.bin	0	0	0	1
v4_0457200_b1e67f82f8156b23.bin	0	0	0	1
v4_0457200_d042bfcb4ed560c7.bin	0	0	0	1
v4_0457450_39f59d78ec360776.bin	0	0	0	1
v4_0457450_ab7e2d40aff8eb2b.bin	0	0	0	1
v4_0457450_c0673b75109cfd68.bin	0	0	0	1
v4_0457450_d98aca6fabced2c4.bin	0	0	0	1
v4_0457950_2721e2ac1d7075ae.bin	0	0	0	1
v4_0457950_c7f19b78edf7ebd1.bin	0	0	0	1
v4_0458950_226128243e3b8ec2.bin	0	0	0	1
v4_0458950_df442b491a705932.bin	0	0	0	1
v4_0459450_d22ceca25e1752a7.bin	0	0	0	1
v4_0460450_277a40be7ef8744b.bin	0	0	0	1
v4_0460950_46098983de017f9c.bin	0	0	0	1
v4_0460950_885d7f4812a3cf70.bin	0	0	0	1
v4_0460950_ae62b1d837ccd239.bin	0	0	0	1
v4_0460950_b3b20bdf7d42db03.bin	0	0	0	39
v4_0461450_a17c037311212d48.bin	0	0	0	1
v4_0461450_f5c6233a604071eb.bin	0	0	0	1
v4_0462200_f5c9dae1161599fa.bin	0	0	0	1
v4_0463950_7c2d0d717ac31c0c.bin	0	0	0	1
v4_0464200_9cf23161564a11a9.bin	0	0	0	1
v4_0464950_3979ddb48c178f39.bin	0	0	0	1
v4_0464950_bb8e0b0d7693db27.bin	0	0	0	1
v4_0465200_073586c3f87effef.bin	0	0	0	1
v4_0465200_58eecd3e8a22ffe3.bin	0	0	0	1
v4_0465950_1f9f71058e3457c4.bin	0	0	0	1
v4_0465950_33faa00d02ec1480.bin	0	0	0	1
v4_0466700_540c06df273bf800.bin	0	0	0	1
v4_0466700_7d30c8ed7038efd7.bin	0	0	0	1
v4_0466700_9cabfa59609536fc.bin	0	0	0	1
v4_0467200_2c859fcbec07e10d.bin	0	0	0	1
v4_0467700_2ec49b5e0d8ba182.bin	0	0	0	1
v4_0469450_5563e86b9f039cfa.bin	0	0	0	1
v4_0469700_50fd3c965d6f2370.bin	0	0	0	1
v4_0469700_f28e9e488c0a6bc4.bin	0	0	0	1
v4_0469950_f7b26a424e07c71f.bin	0	0	0	1
v4_0471450_0c00443110fcc98d.bin	0	0	0	1
v4_0471700_6198ac44cd4d8501.bin	0	0	0	1
v4_0471700_97030953bb190cfe.bin	0	0	0	1
v4_0472450_4aa517711fa2d35d.bin	0	0	0	1
v4_0473450_3560d0fcf913e964.bin	0	0	0	1
v4_0473450_aac6684acdfb833d.bin	0	0	0	1
v4_0473700_b6d90a6785d2935e.bin	0	0	0	1
v4_0475200_18facaae2f69efec.bin	0	0	0	1
v4_0476700_5d24e10159352c20.bin	0	0	0	1
v4_0476700_6bb26f32b3c4862e.bin	0	0	0	1
v4_0477450_56c34f7fbcb18f77.bin	0	0	0	1
v4_0477450_80ae1dbad2d57caf.bin	0	0	0	1
v4_0477700_c657608202ff13fb.bin	0	0	0	1
v4_0480200_0641e51bd370ac36.bin	0	0	0	1
v4_0480200_91f217f465cf1bd9.bin	0	0	0	1
v4_0480450_1a517ee8685cbe1c.bin	0	0	0	1
v4_0480950_500c733011366c8c.bin	0	0	0	1
v4_0482200_72a45c19df920647.bin	0	0	0	1
v4_0482200_95eb3dd1b694bba4.bin	0	0	0	1
v4_0482450_a49bc839764a3c28.bin	0	0	0	1
v4_0483450_e1f4cfeac567329e.bin	0	0	0	1
v4_0485450_6b558941f6b32c12.bin	0	0	0	1
v4_0486200_acbe1d55f6adcb4f.bin	0	0	0	1
v4_0486200_e7788aec85a77f22.bin	0	0	0	1
v4_0488450_87a3771ab8c10bdf.bin	0	0	0	1
v4_0489950_260e60e93289c294.bin	0	0	0	1
v4_0489950_d1151448bf5cc504.bin	0	0	0	1
v4_0490200_22b13e2366bd86c0.bin	0	0	0	1
v4_0490200_2e9cbc0b0079386c.bin	0	0	0	1
v4_0490200_b19affd0d114afa0.bin	0	0	0	1
v4_0490450_022f14f8bcc7d456.bin	0	0	0	1
v4_0490450_1e717a75d4d43eff.bin	0	0	0	1
v4_0490950_139f97a3199a6b68.bin	0	0	0	1
v4_0490950_6716d1c14ec94852.bin	0	0	0	1
v4_0491450_8827960e6e950061.bin	0	0	0	1
v4_0491950_38ddef70e7584878.bin	0	0	0	1
v4_0493950_307739cba41dd611.bin	0	0	0	1
v4_0494700_f4ce33c0518ee045.bin	0	0	0	1
v4_0495450_1f168d4f43b61750.bin	0	0	0	1
v4_0495700_e7c2f7e94df91964.bin	0	0	0	1
v4_0496200_ce21cebcc49fc41f.bin	0	0	0	1
v4_0497200_00a3bf97c86715e8.bin	0	0	0	1
v4_0497700_626d4b3e1b57f802.bin	0	0	0	1
v4_0497700_a3b26d397390be91.bin	0	0	0	1
v4_0497700_bcb339dba87dd478.bin	0	0	0	1
v4_0498450_310be469c258a5dd.bin	0	0	0	1
v4_0500200_f4f969862821bf50.bin	0	0	0	1
v4_0501700_4196e36a89f8c5af.bin	0	0	0	1
v4_0502450_b43483e2623cd9bd.bin	0	0	0	1
v4_0503450_1e9c73df286979eb.bin	0	0	0	1
v4_0505200_8233f8db57b110bd.bin	0	0	0	1
v4_0505200_94564f851ce747aa.bin	0	0	0	1
v4_0506200_24b1af584433ad6a.bin	0	0	0	1
v4_0506700_2117963dc7d2615f.bin	0	0	0	1
v4_0507200_9b4115d0d1a82a73.bin	0	0	0	1
v4_0509200_fdbadabc2d994a1c.bin	0	0	0	1
v4_0510450_32aacb26921fa176.bin	0	0	0	1
v4_0510950_8b6ca9fcd597984b.bin	0	0	0	1
v4_0510950_dd2c74cd35eb001f.bin	0	0	0	1
v4_0512200_221905570185a355.bin	0	0	0	1
v4_0513450_dfd788f0cc39e439.bin	0	0	0	1
v4_0513700_68f03cd17dfbfa7d.bin	0	0	0	1
v4_0513700_fa3781ab8ffac45a.bin	0	0	0	1
v4_0514200_2bc6b8d4182cdcd1.bin	0	0	0	1
v4_0514200_bedb2964bb3cc9dc.bin	0	0	0	1
v4_0515200_5c3cb385cecc91df.bin	0	0	0	1
v4_0515700_20cda4bba43de2cd.bin	0	0	0	1
v4_0515700_393ccc18f84462df.bin	0	0	0	1
v4_0515700_984517aecb5ac46f.bin	0	0	0	1
v4_0515700_9f78ec6fd9566c2e.bin	0	0	0	1
v4_0517200_6d2cabc4d19e01f1.bin	0	0	0	1
v4_0517700_ee7205a514c5f62c.bin	0	0	0	1
v4_0517950_a2102615faac6dd4.bin	0	0	0	2
v4_0518700_17c87161914a483b.bin	0	0	0	2
v4_0519700_10721625d93fb7cb.bin	0	0	0	1
v4_0520450_fdb05f68caa30e8f.bin	0	0	0	1
v4_0521200_b376819c556b48cd.bin	0	0	0	1
v4_0522450_a510094728ed51cb.bin	0	0	0	1
v4_0525700_34f3cadd26e7153b.bin	0	0	0	1
v4_0525950_53a230ab08bdbfca.bin	0	0	0	1
v4_0525950_5520a99d9a2582e9.bin	0	0	0	1
v4_0528450_332597f0c48d6d6e.bin	0	0	0	1
v4_0528450_61ecc5ae3cf8282e.bin	0	0	0	1
v4_0528450_802016031d879e89.bin	0	0	0	1
v4_0528700_280a0560d8acd918.bin	0	0	0	1
v4_0530450_d205e32fdcea8d1e.bin	0	0	0	1
v4_0530950_ec2a4e3a6fb0b0cc.bin	0	0	0	1
v4_0531200_6f7d9d86a708addc.bin	0	0	0	1
v4_0531450_65e07daea9936237.bin	0	0	0	1
v4_0531450_a5f419f57ecc19c9.bin	0	0	0	1
v4_0532700_d5a4d5490f4dc0ca.bin	0	0	0	1
v4_0533450_e4cf9a9f42ef3ce4.bin	0	0	0	1
v4_0533450_e6848c416e0f7252.bin	0	0	0	1
v4_0533700_43a773c93d6a1f2a.bin	0	0	0	1
v4_0538200_1b1d966942c3b144.bin	0	0	0	1
v4_0538200_3c13fea1c85e6426.bin	0	0	0	1
v4_0540200_2a9fba24b4d6c979.bin	0	0	0	1
v4_0540200_a662fd25598a3122.bin	0	0	0	1
v4_0540200_b88af814d876e0d2.bin	0	0	0	1
v4_0542200_bdb1815419ce985d.bin	0	0	0	1
v4_0544950_fc9d5e24f4576043.bin	0	0	0	1
v4_0548700_25a5689cba9b36a5.bin	0	0	0	1
v4_0548700_4e10b17688f44787.bin	0	0	0	1
v4_0552450_06e874ffa797c951.bin	0	0	0	1
v4_0552950_72e99bdf0609e45d.bin	0	0	0	1
v4_0552950_921896337bab108e.bin	0	0	0	1
v4_0553450_0abe1f96ebf658fd.bin	0	0	0	1
v4_0553450_20f444e9d4c7accb.bin	0	0	0	1
v4_0554950_4a5c6ae2f6d7297b.bin	0	0	0	2
v4_0555200_7a5a6fdcf9f01178.bin	0	0	0	1
v4_0557200_3ce0ffc48442319f.bin	0	0	0	1
v4_0557700_f715d3a76f67a11d.bin	0	0	0	1
v4_0558450_cb158fcd27710281.bin	0	0	0	1
v4_0558950_0bce6d4fa081069b.bin	0	0	0	1
v4_0559450_18d1ee7e62420851.bin	0	0	0	1
v4_0560450_60c57c4fc28bb17f.bin	0	0	0	1
v4_0563700_f3ba418bf5c2d5b6.bin	0	0	0	1
v4_0565200_5820f91fa92c9821.bin	0	0	0	1
v4_0566450_36c8c65a199853bb.bin	0	0	0	1
v4_0568450_16fc389c209c11ca.bin	0	0	0	1
v4_0568450_312ae8e477c9a3be.bin	0	0	0	1
v4_0568450_64725f9cb9d8262e.bin	0	0	0	1
v4_0568450_6825e36a23d14a40.bin	0	0	0	1
v4_0568450_f21dc1af7aa22691.bin	0	0	0	1
v4_0570200_5e06c63fe807f585.bin	0	0	0	1
v4_0570200_b9a6da30dc98582c.bin	0	0	0	1
v4_0570200_d91e656bb21eb3a7.bin	0	0	0	1
v4_0572200_3e9020a0d7eb3945.bin	0	0	0	1
v4_0573200_c06b494d85312e96.bin	0	0	0	1
v4_0573700_99ec6fb2634f5784.bin	0	0	0	1
v4_0575200_0c91fb5a60411add.bin	0	0	0	1
v4_0575450_c5484d874fd165e0.bin	0	0	0	1
v4_0576200_6f895f38940a4723.bin	0	0	0	19
v4_0577700_6d38bbd5b45640c8.bin	0	0	0	1
v4_0577700_fee8658148948e06.bin	0	0	0	1
v4_0578200_46716b634ebb36cc.bin	0	0	0	1
v4_0579200_181fd7d755ab8722.bin	0	0	0	1
v4_0579700_b4ff5d87977e251a.bin	0	0	0	1
v4_0580450_8c2b609636225192.bin	0	0	0	1
v4_0583700_56eafe6ceb9a6cb3.bin	0	0	0	1
v4_0583700_deabec2ce6c27da6.bin	0	0	0	1
v4_0583950_14027688d95f9961.bin	0	0	0	1
v4_0585700_e531bf2c7865bf62.bin	0	0	0	1
v4_0585700_fcf06ece6c807cc4.bin	0	0	0	1
v4_0588200_32d096c444a46bdf.bin	0	0	0	1
v4_0589450_c6e2f3a0794eefda.bin	0	0	0	1
v4_0593200_cd3e41c5e22c6abb.bin	0	0	0	1
v4_0593450_83eed6302de71b67.bin	0	0	0	6
v4_0593450_8b48e3d9aa06a868.bin	0	0	0	1
v4_0593450_e72104717a2fa8ce.bin	0	0	0	1
v4_0593950_9a0686d62294a3b4.bin	0	0	0	1
v4_0594200_6847075c0a54414b.bin	0	0	0	1
v4_0594200_7ad30f03c30b2103.bin	0	0	0	1
v4_0594700_602817c16465af6a.bin	0	0	0	1
v4_0594950_7eda628bc17b7282.bin	0	0	0	1
v4_0595200_84b7c317cb6bf5fc.bin	0	0	0	1
v4_0595450_4e56667bdb8335a1.bin	0	0	0	1
v4_0597700_2ee7a0b31e6fbd9e.bin	0	0	0	1
v4_0597700_4a119069255ceaa0.bin	0	0	0	1
v4_0598450_0411c1ed90e3de01.bin	0	0	0	1
v4_0600450_41198fdb8f86f9a0.bin	0	0	0	1
v4_0600450_ce1cfbd4a2b076b7.bin	0	0	0	1
v4_0600450_ddc53d4c6783cf9f.bin	0	0	0	1
v4_0602950_40cb0af00e168aaf.bin	0	0	0	1
v4_0602950_580de49c8c6b8e2b.bin	0	0	0	1
v4_0602950_a4719ae15468dacc.bin	0	0	0	1
v4_0602950_ae7fe4409b25e766.bin	0	0	0	1
v4_0603200_5c36a846afadc6fb.bin	0	0	0	7
v4_0603200_761fab177436aa05.bin	0	0	0	1
v4_0603200_95dfc12fa0133d50.bin	0	0	0	1
v4_0603200_a5e858532c8ae583.bin	0	0	0	1
v4_0603450_b5d6e53a28723f05.bin	0	0	0	1
v4_0603700_c6b9c4cbb83ca439.bin	0	0	0	1
v4_0604700_f7d739c650d43958.bin	0	0	0	1
v4_0607450_e2a0d697406e4cb2.bin	0	0	0	1
v4_0607950_3890674075a04557.bin	0	0	0	1
v4_0612700_1aa02603762c7aa8.bin	0	0	0	1
v4_0615450_6186c49642b5075b.bin	0	0	0	1
v4_0618200_4a2b9a956ad7c139.bin	0	0	0	1
v4_0619950_3a70e6167bff953b.bin	0	0	0	1
v4_0619950_ff96a0171aa70705.bin	0	0	0	1
v4_0620950_b46eedfcb7b8af7d.bin	0	0	0	1
v4_0620950_c1437439c2ebeecf.bin	0	0	0	1
v4_0621950_ce9d6f9a5a95872f.bin	0	0	0	1
v4_0622450_7674432fa4913e29.bin	0	0	0	1
v4_0622450_bc10db41db536c90.bin	0	0	0	1
v4_0625950_3ded9c5c301383d4.bin	0	0	0	1
v4_0626200_5dcb21a8fbfd1aec.bin	0	0	0	1
v4_0627200_2645e3aff714c5bb.bin	0	0	0	1
v4_0627200_88a4f4526eae5d64.bin	0	0	0	1
v4_0627700_dd44324b2944edad.bin	0	0	0	1
v4_0628450_c3fa9c7dd0bcfaef.bin	0	0	0	1
v4_0630450_98bdaa868a4b57b6.bin	0	0	0	1
v4_0630700_838fae802c45e033.bin	0	0	0	1
v4_0631950_bad79f44e9546933.bin	0	0	0	1
v4_0632450_a562487985088be1.bin	0	0	0	1
v4_0633200_9036aa2237b0ddaf.bin	0	0	0	1
v4_0636200_bfdf979fbc71a835.bin	0	0	0	1
v4_0637450_2c124c763e48ce25.bin	0	0	0	1
v4_0637450_6f762dc875720116.bin	0	0	0	1
v4_0639200_48f37542bd224210.bin	0	0	0	1
v4_0639200_fc03b67856004eae.bin	0	0	0	1
v4_0639700_cbcae26447ced893.bin	0	0	0	1
v4_0640700_793996efceab0764.bin	0	0	0	1
v4_0640700_d271f8b2f6f7748f.bin	0	0	0	1
v4_0640950_c8dbaa5e70f0ec4d.bin	0	0	0	1
v4_0641200_48227147336a862b.bin	0	0	0	1
v4_0641200_71a860cb429861b8.bin	0	0	0	1
v4_0642950_fc829818e50137da.bin	0	0	0	1
v4_0643450_eed45d65a24ec0bc.bin	0	0	0	1
v4_0647450_503a25f346a8036f.bin	0	0	0	1
v4_0647450_6883b492013e9f50.bin	0	0	0	1
v4_0648200_83c910edec25fd43.bin	0	0	0	1
v4_0649700_62624dea2d2c95e3.bin	0	0	0	1
v4_0651450_60934eb15f06b706.bin	0	0	0	1
v4_0651950_7931909babcd765d.bin	0	0	0	1
v4_0658950_be68304fef22b3f5.bin	0	0	0	1
v4_0658950_f6a0d0b3f8919115.bin	0	0	0	1
v4_0659700_5c352ffa499488cd.bin	0	0	0	1
v4_0659700_e6f54139ff981609.bin	0	0	0	1
v4_0661700_1b4193b3bbd26cc9.bin	0	0	0	1
v4_0662200_7ce419f310b9cc26.bin	0	0	0	1
v4_0664200_9c99bde397155ad0.bin	0	0	0	1
v4_0664950_203a7705951eca23.bin	0	0	0	1
v4_0669200_fbf2debcf1c3e3e0.bin	0	0	0	1
v4_0670200_2a48836a124b7462.bin	0	0	0	1
v4_0671200_9a5cd10303ec6ab6.bin	0	0	0	1
v4_0672700_8a212aa7242696fd.bin	0	0	0	1
v4_0673200_b3f12cfc51e72740.bin	0	0	0	1
v4_0673700_66f687afa9256c09.bin	0	0	0	1
v4_0673950_bca189b076b6fb04.bin	0	0	0	1
v4_0673950_f34927f1d21a629e.bin	0	0	0	1
v4_0674950_32c07d7edcc97042.bin	0	0	0	1
v4_0674950_917212ca3747f428.bin	0	0	0	1
v4_0675950_685aff163ef94de6.bin	0	0	0	1
v4_0675950_cfb974f9f093075f.bin	0	0	0	1
v4_0683450_39608f654cb32fe9.bin	0	0	0	1
v4_0684200_2d71af4d5d5c0e66.bin	0	0	0	1
v4_0689700_37c617c450a7462c.bin	0	0	0	1
v4_0689700_d9992fbae9bfef80.bin	0	0	0	1
v4_0691200_9dcedf8d79a9a0da.bin	0	0	0	1
v4_0691200_dd49485d555c2c4d.bin	0	0	0	1
v4_0691950_96c25fb2ddd68c0e.bin	0	0	0	1
v4_0692450_a630f44d59a963a3.bin	0	0	0	1
v4_0693200_3e854a4cbcc330f7.bin	0	0	0	1
v4_0693950_e4e60156dcee9f54.bin	0	0	0	1
v4_0697700_69fdf165ef4387e0.bin	0	0	0	1
v4_0697700_fc5120640e40f6f1.bin	0	0	0	1
v4_0703200_055aa9a810731ed4.bin	0	0	0	1
v4_0704200_5c76e56329a4f742.bin	0	0	0	1
v4_0705200_bc9ebe44ec84fade.bin	0	0	0	1
v4_0709200_3be9bf19f2a37575.bin	0	0	0	1
v4_0713450_96a298c305d2c50a.bin	0	0	0	1
v4_0713950_e997edce9edbc1a3.bin	0	0	0	1
v4_0715950_533881a6bbec6764.bin	0	0	0	1
v4_0715950_f6d2c90044001e2a.bin	0	0	0	1
v4_0725200_9e98dbed1ef2feaf.bin	0	0	0	2
v4_0730950_90a86dcc23e5e93f.bin	0	0	0	1
v4_0732200_687a49dc9b9db9d3.bin	0	0	0	1
v4_0734200_f6f7970448f82b57.bin	0	0	0	1
v4_0738950_3feac7f258eabe69.bin	0	0	0	1
v4_0739450_99376aade5a684ef.bin	0	0	0	1
v4_0741450_99b75a28404cd9d0.bin	0	0	0	1
v4_0745450_937e814313103dd5.bin	0	0	0	1
v4_0746200_363e8952fa26dff2.bin	0	0	0	1
v4_0746450_c2c3f4509baf61e4.bin	0	0	0	1
v4_0746950_f36fdf21301e0413.bin	0	0	0	1
v4_0748450_eb16b3a7f00715ce.bin	0	0	0	1
v4_0754450_b5d41d33ec06e80e.bin	0	0	0	1
v4_0756700_85aa8489d17a7503.bin	0	0	0	1
v4_0756950_c3c0d57ffafb0a69.bin	0	0	0	1
v4_0759700_19aa365f1e3f328c.bin	0	0	0	1
v4_0763950_194c73356393de91.bin	0	0	0	1
v4_0768450_03995ce7aa77597f.bin	0	0	0	1
v4_0770950_0ed763a366a3344d.bin	0	0	0	1
v4_0772700_3f86da9e47d4fa0b.bin	0	0	0	1
v4_0784200_11e5385b8604aca8.bin	0	0	0	1
v4_0784450_265bb45fc720f80a.bin	0	0	0	1
v4_0790950_0b7cd58a68fb9a2c.bin	0	0	0	1
v4_0793700_419b5ea0e33daf6e.bin	0	0	0	1
v4_0795450_490700e30bbf7f87.bin	0	0	0	1
v4_0797700_e22a64e221744759.bin	0	0	0	1
v4_0802700_45ff83dd9d19677d.bin	0	0	0	1
v4_0806950_9cc5c4c5653f1771.bin	0	0	0	1
v4_0813200_fcd1e218fcb8df9a.bin	0	0	0	2
v4_0816200_bd00b25a8d6e902d.bin	0	0	0	1
v4_0824450_2ed226cab140421f.bin	0	0	0	1
v4_0824700_0611b2bc258318c5.bin	0	0	0	1
v4_0842700_cfd660e8ca7e799a.bin	0	0	0	1
v4_0842950_8378a3df758aca19.bin	0	0	0	1
v4_0861200_1371eb8befecc389.bin	0	0	0	1
v4_0869200_2607138997f9cf1a.bin	0	0	0	1
v4_0869700_b63eaca5902aa266.bin	0	0	0	1
v4_0871950_04fd52a680ac0a9b.bin	0	0	0	5
v4_0872450_bfccd71947319c63.bin	0	0	0	1
v4_0875700_f69cfbceada46071.bin	0	0	0	1
v4_0876950_6614a7e88c184b3f.bin	0	0	0	1
v4_0885200_6a19d72f4ef3e084.bin	0	0	0	1
v4_0890200_0fda7149d910a33a.bin	0	0	0	1
v4_0896450_87de0a157cd36f73.bin	0	0	0	2
v4_0896700_81dd08d5f90de93b.bin	0	0	0	2
v4_0897700_d1a4f0437d04cc06.bin	0	0	0	1
v4_0900700_b587401e88b45d43.bin	0	0	0	36
v4_0901200_67e915bf5e3f577b.bin	0	0	0	1
v4_0901950_710e1b1f7ba149b3.bin	0	0	0	1
v4_0902450_44dde8eb1f0b9eb0.bin	0	0	0	1
v4_0916200_3f11a857b0391e8d.bin	0	0	0	2
v4_0920200_ce0793510fe4cd09.bin	0	0	0	1
v4_0922950_584a6b814484afd6.bin	0	0	0	1
v4_0929950_08de39d603a8204d.bin	0	0	0	1
v4_0930700_6f85d38becfa06d2.bin	0	0	0	3
v4_0931200_9f5b76502d4b116a.bin	0	0	0	1
v4_0932950_57e5f805f145e178.bin	0	0	0	1
v4_0937450_b5a151799c653200.bin	0	0	0	8
v4_0944200_b425d2b907668f79.bin	0	0	0	1
v4_0946200_23a8aaf793c446cc.bin	0	0	0	1
v4_0949200_f6e0d1c40cc0c5bb.bin	0	0	0	1
v4_0959450_8af999a101b855b8.bin	0	0	0	1
v4_0965200_a31f94c0f1bf0911.bin	0	0	0	1
v4_0968450_5ee3d7e5f4e47323.bin	0	0	0	1
v4_0971450_1385f5b2056ce811.bin	0	0	0	48
v4_0982200_49bb5fa14e9a9af2.bin	0	0	0	1
v4_0994200_d9ff62a09ba91d4a.bin	0	0	0	1
v4_0994450_43d47340845a29df.bin	0	0	0	1
v4_0994700_177f531465195606.bin	0	0	0	1
v4_0996700_a5a91fc11b53aa37.bin	0	0	0	1
v4_1001700_53d9d8d597744763.bin	0	0	0	1
v4_1007200_d476fab2835410fd.bin	0	0	0	1
v4_1016700_725236f0fb72c3c5.bin	0	0	0	3
v4_1018950_8fcbd1eed96a0f84.bin	0	0	0	4
v4_1022200_8c8893ecdf4488e0.bin	0	0	0	17
v4_1023950_9502da8842184a9b.bin	0	0	0	1
v4_1026200_b81ec2740fe3cdda.bin	0	0	0	1
v4_1033950_23316c744c110665.bin	0	0	0	1
v4_1038450_2448f9ed7abe93af.bin	0	0	0	1
v4_1038450_625c6a26caac1a14.bin	0	0	0	1
