# Which files in this corpus reach which extractor, and with how many items.
#
# Generated: cargo run --release --example seed_reach_manifest
# Consumed:  scripts/prep-fuzz-corpus.sh, to pick seeds by whether they reach a
#            verifier rather than by filename order.
# Checked:   tests/fuzz_input_reach.rs re-measures this and fails if it is stale.
#
# Files reaching no extractor are omitted, so `files scanned` and `files listed`
# differ; both are stated because their difference is the thing worth seeing.
# corpus: orchard_v5_pre_nu6_2
# files scanned: 550
# files listed: 210
#
# file	orchard	sapling	redjubjub	sprout
v5_1687106_19be420001.bin	0	1	2	0
v5_1687106_19be420002.bin	0	1	2	0
v5_1687106_19be420003.bin	0	1	2	0
v5_1687107_19be430004.bin	1	1	2	0
v5_1687107_19be430005.bin	0	1	2	0
v5_1687108_19be440004.bin	0	1	2	0
v5_1687108_19be440005.bin	0	1	4	0
v5_1687109_19be450007.bin	1	1	2	0
v5_1687109_19be450009.bin	0	1	2	0
v5_1687109_19be45000a.bin	0	1	2	0
v5_1687109_19be45000b.bin	0	1	3	0
v5_1687109_19be45000d.bin	1	1	2	0
v5_1687113_19be490008.bin	0	1	2	0
v5_1687113_19be490009.bin	0	1	2	0
v5_1687114_19be4a0003.bin	0	1	2	0
v5_1687114_19be4a0004.bin	0	1	2	0
v5_1687115_19be4b0002.bin	0	1	2	0
v5_1687115_19be4b0003.bin	0	1	2	0
v5_1687117_19be4d0001.bin	0	1	2	0
v5_1687118_19be4e0005.bin	0	1	2	0
v5_1687118_19be4e0006.bin	0	1	2	0
v5_1687118_19be4e0007.bin	1	1	2	0
v5_1687121_19be510003.bin	1	0	0	0
v5_1687125_19be550002.bin	1	1	2	0
v5_1687126_19be560002.bin	0	1	2	0
v5_1687132_19be5c0003.bin	1	0	0	0
v5_1687138_19be620006.bin	1	1	2	0
v5_1687143_19be670001.bin	1	0	0	0
v5_1687157_19be750004.bin	0	1	2	0
v5_1687161_19be790002.bin	0	1	2	0
v5_1687173_19be850001.bin	0	1	2	0
v5_1687187_19be930001.bin	1	1	3	0
v5_1687192_19be980001.bin	0	1	2	0
v5_1687194_19be9a0004.bin	1	1	2	0
v5_1687204_19bea40002.bin	0	1	2	0
v5_1687209_19bea90003.bin	0	1	2	0
v5_1687209_19bea90004.bin	1	1	2	0
v5_1687211_19beab0002.bin	0	1	2	0
v5_1687227_19bebb0005.bin	0	1	2	0
v5_1687228_19bebc0002.bin	0	1	2	0
v5_1687233_19bec10002.bin	0	1	2	0
v5_1687235_19bec30006.bin	0	1	2	0
v5_1687236_19bec40002.bin	0	1	5	0
v5_1687240_19bec80003.bin	0	1	2	0
v5_1687241_19bec90003.bin	0	1	44	0
v5_1687244_19becc0003.bin	0	1	2	0
v5_1687248_19bed00001.bin	0	1	2	0
v5_1687248_19bed00002.bin	0	1	4	0
v5_1687249_19bed10001.bin	0	1	2	0
v5_1687252_19bed40004.bin	0	1	2	0
v5_1687256_19bed80002.bin	0	1	2	0
v5_1687259_19bedb0004.bin	0	1	2	0
v5_1687269_19bee50001.bin	1	0	0	0
v5_1687270_19bee60002.bin	0	1	2	0
v5_1687271_19bee70003.bin	0	1	3	0
v5_1687284_19bef40001.bin	0	1	2	0
v5_1687285_19bef50001.bin	0	1	2	0
v5_1687292_19befc0001.bin	0	1	2	0
v5_1687295_19beff0003.bin	0	1	2	0
v5_1687298_19bf020004.bin	1	0	0	0
v5_3300002_11ba51974de0946a.bin	1	0	0	0
v5_3300012_2067822bb5911bd2.bin	1	0	0	0
v5_3300027_8e78905014f24433.bin	1	0	0	0
v5_3300052_b5f7e0969157ee0d.bin	1	0	0	0
v5_3300072_296ebe8a6bdc8eda.bin	1	0	0	0
v5_3300104_6a4d585ed564f839.bin	1	0	0	0
v5_3300116_5f3d6e45cff46bad.bin	1	0	0	0
v5_3300122_bf2512d9779a189a.bin	1	0	0	0
v5_3300133_c6522b30559ced49.bin	1	0	0	0
v5_3300152_df15c1b533cbd228.bin	1	0	0	0
v5_3300170_d04306b9a5463a97.bin	1	0	0	0
v5_3300182_6ac4b9d6a3fbde8f.bin	1	0	0	0
v5_3300193_cfa5a328f8ba35d2.bin	1	0	0	0
v5_3300202_ce91e73a54fa7ed4.bin	1	0	0	0
v5_3300216_322be1267fd8531c.bin	1	0	0	0
v5_3300228_302800297d429658.bin	1	0	0	0
v5_3300244_8a7d019979406982.bin	1	0	0	0
v5_3300275_151f8048cb17e95a.bin	1	0	0	0
v5_3300293_ff52fffe8259d9c6.bin	1	0	0	0
v5_3300318_aac6a3eacc8a160d.bin	1	0	0	0
v5_3300336_a3d1ffc90fa8e2be.bin	1	0	0	0
v5_3300363_45571e8daef0136b.bin	1	0	0	0
v5_3300383_d849a1e366979a9e.bin	1	0	0	0
v5_3300400_32b134c01e2b951d.bin	1	0	0	0
v5_3300415_111435b31b4d8198.bin	1	0	0	0
v5_3300424_60e0630bc2a719d3.bin	1	0	0	0
v5_3300432_803168b2d6a68812.bin	1	0	0	0
v5_3300447_df908bdbac500e59.bin	1	0	0	0
v5_3300462_98c8bc2ea777b879.bin	1	0	0	0
v5_3300476_18c9f71f66a8a8b2.bin	1	0	0	0
v5_3300484_2c39832ce0ecb4b0.bin	1	0	0	0
v5_3300493_be3f61acbc18be31.bin	1	0	0	0
v5_3300508_f9a54d0b682ff3a6.bin	1	0	0	0
v5_3300515_e671c4817c610130.bin	1	0	0	0
v5_3300532_3b3336028731d932.bin	1	0	0	0
v5_3300550_527c44b3861d5719.bin	1	0	0	0
v5_3300561_8d9575cb0b77fdf1.bin	1	0	0	0
v5_3300568_f10f4d389f0e8bda.bin	1	0	0	0
v5_3300578_d16eacade8601d6f.bin	1	0	0	0
v5_3300614_cf0a5959838d010b.bin	1	0	0	0
v5_3300621_5bbed55387d7e1ca.bin	1	0	0	0
v5_3300630_b015bf1c129268a7.bin	1	0	0	0
v5_3300637_99ea4a1f38929d9f.bin	1	0	0	0
v5_3300658_3bfb7772bc1a849d.bin	1	0	0	0
v5_3300678_a7f6cd9939e5bb5d.bin	1	0	0	0
v5_3300704_d20f906715e511c1.bin	1	0	0	0
v5_3300725_2450617031f2b634.bin	1	0	0	0
v5_3300751_3c04da4e08338240.bin	1	0	0	0
v5_3300770_2a25f503712713af.bin	1	0	0	0
v5_3300783_41fc728efe9c9870.bin	1	0	0	0
v5_3300800_2a4e833b8214bba2.bin	1	0	0	0
v5_3300823_98de7f7a71a252d4.bin	1	0	0	0
v5_3300836_cb4da31e43d667d7.bin	1	0	0	0
v5_3300849_237a73256efe375c.bin	1	0	0	0
v5_3300861_722ac521380a03c1.bin	1	0	0	0
v5_3300873_6f08f8cf50fbc8e9.bin	1	0	0	0
v5_3300887_aa3c4db1a3f99932.bin	1	0	0	0
v5_3300916_54409330ada161d0.bin	1	0	0	0
v5_3300921_4f1253fe3ce7be04.bin	1	0	0	0
v5_3300926_9ebe130baa28e1fe.bin	1	0	0	0
v5_3300932_e2e6576f13c721d7.bin	1	0	0	0
v5_3300935_8f466e3c29d7c54d.bin	1	0	0	0
v5_3300949_46627ecb92a8cab5.bin	1	0	0	0
v5_3300966_417cb9ff6ecbcb32.bin	1	0	0	0
v5_3300994_29fcd79dcc836676.bin	1	0	0	0
v5_3301012_02a256f9df7fa625.bin	1	0	0	0
v5_3301034_a6413a4f51ccf5ef.bin	1	0	0	0
v5_3301053_8e43254af36d7cc1.bin	1	1	2	0
v5_3301059_826d198d0d211b91.bin	1	0	0	0
v5_3301087_9fe8b37aa471d34b.bin	1	0	0	0
v5_3301114_0fd1c8f2190eac5f.bin	1	0	0	0
v5_3301125_123a5ef9075e4a64.bin	1	0	0	0
v5_3301132_9eadcac17e084554.bin	1	0	0	0
v5_3301143_826b3d1b10007342.bin	1	0	0	0
v5_3301162_0cba4d370c2076d3.bin	1	0	0	0
v5_3301197_55b626d073a962cc.bin	1	0	0	0
v5_3301204_d428afb059008ff6.bin	1	0	0	0
v5_3301219_e5de5e3f02c26d15.bin	1	0	0	0
v5_3301227_d57debcd3dd3f80a.bin	1	0	0	0
v5_3301237_8557b3afa7308d5c.bin	1	0	0	0
v5_3301246_54203bdb41091ebe.bin	1	0	0	0
v5_3301259_2039ef7058496140.bin	1	0	0	0
v5_3301264_c13419351359d48a.bin	1	0	0	0
v5_3301284_6248bdf28631a18d.bin	1	0	0	0
v5_3301293_8f5677212082981d.bin	1	1	5	0
v5_3301314_051ba40890c74af8.bin	1	0	0	0
v5_3301336_0742f4f8293ea08d.bin	1	0	0	0
v5_3301353_b2b51d90d84bb799.bin	1	0	0	0
v5_3301367_558072a7c4c42451.bin	1	0	0	0
v5_3301404_1482baa66661b4fd.bin	1	0	0	0
v5_3301440_f3970a3daa6fab74.bin	1	0	0	0
v5_3301453_27ee80da7942d188.bin	1	0	0	0
v5_3301483_d5e93a5c60af4a5b.bin	1	0	0	0
v5_3301513_cc9b746d96394f14.bin	1	0	0	0
v5_3301544_5ede97a4ebd94331.bin	1	0	0	0
v5_3301566_e9a98f6f5f137bea.bin	1	0	0	0
v5_3301619_a39cc20a60bd5f1b.bin	1	0	0	0
v5_3301661_5845098bbfb88c19.bin	1	0	0	0
v5_3301715_5539487c17bd9cc5.bin	1	0	0	0
v5_3301747_66dc73f7c5c9504d.bin	1	0	0	0
v5_3301761_5eb06193f3a9036b.bin	1	0	0	0
v5_3301775_0df91b82d7dddd93.bin	1	0	0	0
v5_3301810_1b7520eb37c0738e.bin	1	0	0	0
v5_3301862_260527573b127508.bin	1	0	0	0
v5_3301889_7883032f843199a6.bin	1	0	0	0
v5_3301901_03bbfd80b855a8c0.bin	1	0	0	0
v5_3301911_9f96f7f3c8ee764b.bin	1	0	0	0
v5_3301926_c097ec0b1d962eb5.bin	1	0	0	0
v5_3301940_34ea2cf601fb2e84.bin	1	0	0	0
v5_3301970_aced6f71bdfa2ca0.bin	1	0	0	0
v5_3301987_1a6d5db84659feb9.bin	1	0	0	0
v5_3301998_008ceb78f1f600a5.bin	1	0	0	0
v5_3302016_441894b66eb33cc3.bin	1	0	0	0
v5_3302034_1305a0b75aeca251.bin	1	0	0	0
v5_3302048_e7bfe4d8b51477b9.bin	1	0	0	0
v5_3302064_83f889b98acb0e3b.bin	1	0	0	0
v5_3302090_873d98d5b6f08e05.bin	1	0	0	0
v5_3302119_e1af7dc6ed251651.bin	1	0	0	0
v5_3302141_dfa75f240ae87626.bin	1	0	0	0
v5_3302182_2489acf48a59999d.bin	1	0	0	0
v5_3302220_cfaf8ee3364189dc.bin	1	0	0	0
v5_3302246_c8eda632ef2b18c0.bin	1	0	0	0
v5_3302266_0ca502db8752ebdc.bin	1	0	0	0
v5_3302272_4bf715fb86178053.bin	1	0	0	0
v5_3302282_64972b02952e7d1c.bin	1	0	0	0
v5_3302292_094226d413500111.bin	1	0	0	0
v5_3302303_23be3011a0dedd69.bin	1	0	0	0
v5_3302313_7bcbccb8630c12bc.bin	1	0	0	0
v5_3302324_3039a773dfd590aa.bin	1	0	0	0
v5_3302340_72ad62888e52ebaa.bin	1	0	0	0
v5_3302350_bdfce5ba4b446b82.bin	1	0	0	0
v5_3302362_4a6cbe6d9ced5641.bin	1	0	0	0
v5_3302380_141ce8e155999f90.bin	1	0	0	0
v5_3302388_3e8f730139a6b108.bin	1	0	0	0
v5_3302406_6905a45e48ed7c88.bin	1	0	0	0
v5_3302433_182829227158ed99.bin	1	0	0	0
v5_3302448_fa3fffb623960e3a.bin	1	0	0	0
v5_3302494_79e036ac7910bbd5.bin	1	0	0	0
v5_3302519_035c80d24d5202f4.bin	1	0	0	0
v5_3302532_b32cb0b236bb824d.bin	1	0	0	0
v5_3302541_a5fc542ac1481543.bin	1	0	0	0
v5_3302570_f196c26d92099607.bin	1	0	0	0
v5_3302592_64d7087e17b7d95b.bin	1	0	0	0
v5_3302625_cb4a6e070d961113.bin	1	0	0	0
v5_3302653_b7f33f532ae21a1d.bin	1	0	0	0
v5_3302684_98437ce51431eea6.bin	1	0	0	0
v5_3302702_e3877a0b291b1ae6.bin	1	0	0	0
v5_3302727_0ce9441c17ed15c5.bin	1	0	0	0
v5_3302747_cefd02bc78d08069.bin	1	0	0	0
v5_3302773_e7feac6eb02a0e88.bin	1	0	0	0
