# Which files in this corpus reach which extractor, and with how many items.
#
# Generated: cargo run --release --example seed_reach_manifest
# Consumed:  scripts/prep-fuzz-corpus.sh, to pick seeds by whether they reach a
#            verifier rather than by filename order.
# Checked:   tests/fuzz_input_reach.rs re-measures this and fails if it is stale.
#
# Files reaching no extractor are omitted, so `files scanned` and `files listed`
# differ; both are stated because their difference is the thing worth seeing.
# corpus: nu6_3_activation
# files scanned: 172
# files listed: 172
#
# file	orchard	sapling	redjubjub	sprout
v6_3428150_07d18d850656bda8.bin	2	0	0	0
v6_3428150_25d87ba678308c4b.bin	2	0	0	0
v6_3428150_5bf0153577418720.bin	2	0	0	0
v6_3428150_6edd978f4d3596b7.bin	2	0	0	0
v6_3428150_8084f55cf8267b59.bin	2	0	0	0
v6_3428150_de50e02bf4218b64.bin	2	0	0	0
v6_3428250_596b0856616affb9.bin	1	0	0	0
v6_3428250_a6748da27242321e.bin	2	0	0	0
v6_3428250_b589fe526447c8e9.bin	2	0	0	0
v6_3428250_ef1c26b388f6cef9.bin	2	0	0	0
v6_3428350_1031985a954ed9af.bin	1	0	0	0
v6_3428350_30f0bed9e98e713a.bin	2	0	0	0
v6_3428350_506b593ac2ced937.bin	2	0	0	0
v6_3428350_57c1c1eeaf9311e1.bin	1	0	0	0
v6_3428350_5c66803aa91a3027.bin	2	0	0	0
v6_3428350_6719bc04c969894e.bin	1	0	0	0
v6_3428350_68d7bbbefaf74332.bin	2	0	0	0
v6_3428350_a80a32cf2b6e9333.bin	1	0	0	0
v6_3428350_bd500aca793f568c.bin	2	0	0	0
v6_3428350_c9130bbcc125647e.bin	2	0	0	0
v6_3428400_a693cbbf930505dd.bin	1	0	0	0
v6_3428450_234511f6982f9aab.bin	1	0	0	0
v6_3428450_2eabda87e10d7057.bin	1	0	0	0
v6_3428450_e8ad1c4abcb350ec.bin	1	0	0	0
v6_3428500_1fcc0cd33709557f.bin	2	0	0	0
v6_3428550_5a87732225ac23b4.bin	2	0	0	0
v6_3428550_63e0341193bac9b9.bin	1	0	0	0
v6_3428550_abe0642d98e24982.bin	2	0	0	0
v6_3428550_ce02bfcf39e9d158.bin	1	0	0	0
v6_3428650_c6d109e026afbbe1.bin	1	0	0	0
v6_3428650_fbab7cb3a0fac9f3.bin	2	0	0	0
v6_3428750_1a828f19183eda73.bin	1	0	0	0
v6_3428750_21cbe0cd4c7a7ae6.bin	1	0	0	0
v6_3428750_3b6361617e8fc606.bin	1	0	0	0
v6_3428750_836b17f900b114e8.bin	1	0	0	0
v6_3428750_8e041407144fe59a.bin	1	0	0	0
v6_3428750_de4146d4aa505fb9.bin	1	0	0	0
v6_3428750_eef5fc5ca78595ae.bin	2	0	0	0
v6_3428800_6f4db8fcf5d5d26f.bin	1	0	0	0
v6_3428850_11254b278cfabd23.bin	1	0	0	0
v6_3428850_2f9282153c412363.bin	1	0	0	0
v6_3428850_75c037808fe526a6.bin	1	0	0	0
v6_3428850_ddda94af3e37057b.bin	1	0	0	0
v6_3428900_1ef1a25141014151.bin	1	0	0	0
v6_3428900_3ee0fe58b929703c.bin	1	0	0	0
v6_3428900_738eba3a3dd63c36.bin	2	0	0	0
v6_3428900_bbd6de39c0cad1fc.bin	1	0	0	0
v6_3428900_e479f6a47bfe8c01.bin	1	0	0	0
v6_3428900_efe328d6dc91a8fc.bin	2	0	0	0
v6_3428900_f5300990fb3b6aa1.bin	2	0	0	0
v6_3428950_2489ed480ce91603.bin	2	0	0	0
v6_3428950_f1c26d040279634a.bin	2	0	0	0
v6_3428950_f9eea7c95f2bd3dc.bin	2	0	0	0
v6_3429050_55d003046d0df642.bin	1	0	0	0
v6_3429050_8e5e31d0a6a2bf83.bin	1	0	0	0
v6_3429050_df0acdc77a65821f.bin	1	0	0	0
v6_3429050_ed3f765274a11ced.bin	1	0	0	0
v6_3429100_8592c974c5601799.bin	2	0	0	0
v6_3429150_22595e3649ba5a23.bin	2	0	0	0
v6_3429150_d0e991623918089b.bin	2	0	0	0
v6_3429200_407691a85c2174ba.bin	1	0	0	0
v6_3429250_0e2872cf08da4138.bin	1	0	0	0
v6_3429250_1135ed80266bc03d.bin	1	0	0	0
v6_3429250_4e6b752193363e56.bin	1	0	0	0
v6_3429250_5d5b54645ea33ec5.bin	1	0	0	0
v6_3429250_702b5a32fd61e016.bin	1	0	0	0
v6_3429250_a789ef8c2d83f35c.bin	2	0	0	0
v6_3429250_acb9f5da57063f1c.bin	2	0	0	0
v6_3429250_b9231e12180eaaa2.bin	2	0	0	0
v6_3429250_d87c62e36b7b50ef.bin	1	0	0	0
v6_3429250_edb46f90a484de14.bin	1	0	0	0
v6_3429250_edffc926d063ec8b.bin	2	0	0	0
v6_3429350_0309260e7107412c.bin	1	0	0	0
v6_3429350_7381704105fb4675.bin	2	0	0	0
v6_3429350_c2a7f285a146d63f.bin	2	0	0	0
v6_3429400_58fd3bf31c672fbc.bin	1	0	0	0
v6_3429500_30423e3efd95d146.bin	2	0	0	0
v6_3429500_43c2cedb1fafa88d.bin	2	0	0	0
v6_3429600_03f0925c09bf915a.bin	1	0	0	0
v6_3429600_8a98c6924973615e.bin	2	0	0	0
v6_3429650_2e329dab852bce0a.bin	1	0	0	0
v6_3429650_68c35057d8c8308e.bin	2	0	0	0
v6_3429650_bf1f1b80cc427841.bin	2	0	0	0
v6_3429650_ee023cd67fea9176.bin	1	0	0	0
v6_3429700_32d6c711c93537fd.bin	1	0	0	0
v6_3429850_9ed4830d90439e5c.bin	2	0	0	0
v6_3429900_2e1c45339dcea85d.bin	2	0	0	0
v6_3429950_42431155025ab4b7.bin	2	0	0	0
v6_3429950_f81be715240d5a56.bin	2	0	0	0
v6_3430000_dad7687ef2fb2d14.bin	2	0	0	0
v6_3430050_2407f6d6804b7807.bin	2	0	0	0
v6_3430050_353b53bbd6489b51.bin	1	0	0	0
v6_3430050_c6fa80c141b2ce72.bin	2	0	0	0
v6_3430150_071ee072e865be92.bin	1	0	0	0
v6_3430150_364e8e3f4c3765cd.bin	1	0	0	0
v6_3430150_4b6d01ec8c3ec0d5.bin	1	0	0	0
v6_3430500_555511ce0a76a8e7.bin	1	0	0	0
v6_3430500_a1acc708248cd9cf.bin	2	0	0	0
v6_3430550_2336a36a32f9e10e.bin	2	0	0	0
v6_3430600_db38b836502d9da5.bin	1	0	0	0
v6_3430600_eede7ed004e36c07.bin	2	0	0	0
v6_3430600_fc81e6a55abffc61.bin	1	0	0	0
v6_3430650_86ec48ed72d51f6c.bin	2	1	30	0
v6_3430700_caa35b150c32be95.bin	2	0	0	0
v6_3430700_ec9d7c00d29176f6.bin	1	0	0	0
v6_3430900_ed234b1debf26b9c.bin	1	0	0	0
v6_3430950_1b9471ba005af774.bin	2	0	0	0
v6_3430950_28706daff3e95d01.bin	1	0	0	0
v6_3430950_59c011f5d38643d4.bin	1	0	0	0
v6_3430950_5cc9245b3a68781b.bin	1	0	0	0
v6_3430950_6b32b2ff48b6c430.bin	1	0	0	0
v6_3431050_002d1d1678ac44b9.bin	1	0	0	0
v6_3431050_42777f90f7b0c945.bin	2	0	0	0
v6_3431050_f2f8396b7a7bacf9.bin	2	0	0	0
v6_3431100_290d840bf7ab5c8b.bin	2	0	0	0
v6_3431150_fcc886aca6602290.bin	1	0	0	0
v6_3431200_00e008dcc525bc61.bin	2	0	0	0
v6_3431200_f1e53fa79e28c659.bin	2	0	0	0
v6_3431250_251e96d34375b540.bin	1	0	0	0
v6_3431250_401411de222b2fc1.bin	2	0	0	0
v6_3431300_273be2d4deffd0fd.bin	1	0	0	0
v6_3431300_972763d57d9f0026.bin	2	0	0	0
v6_3431350_7779dd58871d849b.bin	1	0	0	0
v6_3431400_0e8a0b0d752e3f8e.bin	2	0	0	0
v6_3431400_1597236fbc55c4f9.bin	1	0	0	0
v6_3431400_3fab1e3dcf2ead17.bin	2	0	0	0
v6_3431400_7f67be4057020db3.bin	2	0	0	0
v6_3431400_aea2715fafa505d3.bin	2	0	0	0
v6_3431400_b1ebdd868c67c9d2.bin	2	0	0	0
v6_3431400_c6ca1204f439ce02.bin	2	0	0	0
v6_3431450_6b3ff6b6c851bfab.bin	2	0	0	0
v6_3431550_cb5f08a5e4f21433.bin	1	0	0	0
v6_3431950_97e6520a6b091726.bin	2	0	0	0
v6_3432050_fc525b6cb4f16614.bin	1	1	2	0
v6_3432100_ae793515b1f40f6c.bin	1	0	0	0
v6_3432250_0cd884b26984cca3.bin	1	0	0	0
v6_3432250_12584d9019bc841c.bin	1	0	0	0
v6_3432250_83ca7705e14f1647.bin	1	0	0	0
v6_3432250_c5e89c2fdd3a07fe.bin	1	0	0	0
v6_3432300_02f838e0f74563f6.bin	1	0	0	0
v6_3432300_1e386ce005cb4415.bin	1	0	0	0
v6_3432300_45c6f23ee3141eb8.bin	1	0	0	0
v6_3432300_c797242965c54850.bin	1	0	0	0
v6_3432300_e7330075c6ba444c.bin	1	0	0	0
v6_3432400_f99ed8e7f4b156b4.bin	1	0	0	0
v6_3432450_5f7acc887391eece.bin	2	0	0	0
v6_3432450_6c1967ad888f34a2.bin	1	0	0	0
v6_3432700_1aa89814a6a016b6.bin	2	0	0	0
v6_3432700_6b2be448f73b53c8.bin	1	0	0	0
v6_3432700_b74b3be9e916286a.bin	1	0	0	0
v6_3432750_a55685ee5c5930a2.bin	1	0	0	0
v6_3432800_5115b38c5b3a887e.bin	2	0	0	0
v6_3432800_5883d24921b2f18e.bin	1	0	0	0
v6_3432800_9dcc1b5e1c26eabd.bin	1	0	0	0
v6_3432800_bb48f36c331a4969.bin	1	0	0	0
v6_3432800_ec08ec5e400881fe.bin	1	0	0	0
v6_3432850_a4c9fcf467aeb579.bin	1	0	0	0
v6_3432950_871cdaa783c00cd1.bin	2	0	0	0
v6_3433000_801c145409913992.bin	2	0	0	0
v6_3433000_970b078baa3536f8.bin	1	0	0	0
v6_3433000_a5d291c2767fbc5b.bin	2	0	0	0
v6_3433150_c028bcef9012be5a.bin	2	0	0	0
v6_3433150_cfe7dedd6a576430.bin	1	0	0	0
v6_3433150_e3917cd09f5665c5.bin	1	0	0	0
v6_3433250_1287e85ed3ba424d.bin	1	0	0	0
v6_3433250_179102f9bafb850a.bin	2	0	0	0
v6_3433250_6804614176447df9.bin	1	0	0	0
v6_3433250_7028f0a31a23c3d1.bin	1	0	0	0
v6_3433250_70d1731aa5937c5d.bin	1	0	0	0
v6_3433250_af641a2c3aafc8bc.bin	1	0	0	0
v6_3433400_67f47ba0254b6a7a.bin	2	0	0	0
v6_3433400_89380405fc8bc69a.bin	1	0	0	0
